arr_size is 46 x 46 x 3 
{
314 308 202 156 120 174 228 282 306 340 314 308 202 156 120 174 228 282 306 340 314 308 202 156 120 174 228 282 306 340 314 308 202 156 120 174 228 282 306 340 314 308 202 156 120 174  
306 340 314 308 202 156 120 174 228 282 306 340 314 308 202 156 120 174 228 282 306 340 314 308 202 156 120 174 228 282 306 340 314 308 202 156 120 174 228 282 306 340 314 308 202 156  
228 282 306 340 314 308 202 156 120 174 228 282 306 340 314 308 202 156 120 174 228 282 306 340 314 308 202 156 120 174 228 282 306 340 314 308 202 156 120 174 228 282 306 340 314 308  
120 174 228 282 306 340 314 308 202 156 120 174 228 282 306 340 314 308 202 156 120 174 228 282 306 340 314 308 202 156 120 174 228 282 306 340 314 308 202 156 120 174 228 282 306 340  
202 156 120 174 228 282 306 340 314 308 202 156 120 174 228 282 306 340 314 308 202 156 120 174 228 282 306 340 314 308 202 156 120 174 228 282 306 340 314 308 202 156 120 174 228 282  
314 308 202 156 120 174 228 282 306 340 314 308 202 156 120 174 228 282 306 340 314 308 202 156 120 174 228 282 306 340 314 308 202 156 120 174 228 282 306 340 314 308 202 156 120 174  
306 340 314 308 202 156 120 174 228 282 306 340 314 308 202 156 120 174 228 282 306 340 314 308 202 156 120 174 228 282 306 340 314 308 202 156 120 174 228 282 306 340 314 308 202 156  
228 282 306 340 314 308 202 156 120 174 228 282 306 340 314 308 202 156 120 174 228 282 306 340 314 308 202 156 120 174 228 282 306 340 314 308 202 156 120 174 228 282 306 340 314 308  
120 174 228 282 306 340 314 308 202 156 120 174 228 282 306 340 314 308 202 156 120 174 228 282 306 340 314 308 202 156 120 174 228 282 306 340 314 308 202 156 120 174 228 282 306 340  
202 156 120 174 228 282 306 340 314 308 202 156 120 174 228 282 306 340 314 308 202 156 120 174 228 282 306 340 314 308 202 156 120 174 228 282 306 340 314 308 202 156 120 174 228 282  
314 308 202 156 120 174 228 282 306 340 314 308 202 156 120 174 228 282 306 340 314 308 202 156 120 174 228 282 306 340 314 308 202 156 120 174 228 282 306 340 314 308 202 156 120 174  
306 340 314 308 202 156 120 174 228 282 306 340 314 308 202 156 120 174 228 282 306 340 314 308 202 156 120 174 228 282 306 340 314 308 202 156 120 174 228 282 306 340 314 308 202 156  
228 282 306 340 314 308 202 156 120 174 228 282 306 340 314 308 202 156 120 174 228 282 306 340 314 308 202 156 120 174 228 282 306 340 314 308 202 156 120 174 228 282 306 340 314 308  
120 174 228 282 306 340 314 308 202 156 120 174 228 282 306 340 314 308 202 156 120 174 228 282 306 340 314 308 202 156 120 174 228 282 306 340 314 308 202 156 120 174 228 282 306 340  
202 156 120 174 228 282 306 340 314 308 202 156 120 174 228 282 306 340 314 308 202 156 120 174 228 282 306 340 314 308 202 156 120 174 228 282 306 340 314 308 202 156 120 174 228 282  
314 308 202 156 120 174 228 282 306 340 314 308 202 156 120 174 228 282 306 340 314 308 202 156 120 174 228 282 306 340 314 308 202 156 120 174 228 282 306 340 314 308 202 156 120 174  
306 340 314 308 202 156 120 174 228 282 306 340 314 308 202 156 120 174 228 282 306 340 314 308 202 156 120 174 228 282 306 340 314 308 202 156 120 174 228 282 306 340 314 308 202 156  
228 282 306 340 314 308 202 156 120 174 228 282 306 340 314 308 202 156 120 174 228 282 306 340 314 308 202 156 120 174 228 282 306 340 314 308 202 156 120 174 228 282 306 340 314 308  
120 174 228 282 306 340 314 308 202 156 120 174 228 282 306 340 314 308 202 156 120 174 228 282 306 340 314 308 202 156 120 174 228 282 306 340 314 308 202 156 120 174 228 282 306 340  
202 156 120 174 228 282 306 340 314 308 202 156 120 174 228 282 306 340 314 308 202 156 120 174 228 282 306 340 314 308 202 156 120 174 228 282 306 340 314 308 202 156 120 174 228 282  
314 308 202 156 120 174 228 282 306 340 314 308 202 156 120 174 228 282 306 340 314 308 202 156 120 174 228 282 306 340 314 308 202 156 120 174 228 282 306 340 314 308 202 156 120 174  
306 340 314 308 202 156 120 174 228 282 306 340 314 308 202 156 120 174 228 282 306 340 314 308 202 156 120 174 228 282 306 340 314 308 202 156 120 174 228 282 306 340 314 308 202 156  
228 282 306 340 314 308 202 156 120 174 228 282 306 340 314 308 202 156 120 174 228 282 306 340 314 308 202 156 120 174 228 282 306 340 314 308 202 156 120 174 228 282 306 340 314 308  
120 174 228 282 306 340 314 308 202 156 120 174 228 282 306 340 314 308 202 156 120 174 228 282 306 340 314 308 202 156 120 174 228 282 306 340 314 308 202 156 120 174 228 282 306 340  
202 156 120 174 228 282 306 340 314 308 202 156 120 174 228 282 306 340 314 308 202 156 120 174 228 282 306 340 314 308 202 156 120 174 228 282 306 340 314 308 202 156 120 174 228 282  
314 308 202 156 120 174 228 282 306 340 314 308 202 156 120 174 228 282 306 340 314 308 202 156 120 174 228 282 306 340 314 308 202 156 120 174 228 282 306 340 314 308 202 156 120 174  
306 340 314 308 202 156 120 174 228 282 306 340 314 308 202 156 120 174 228 282 306 340 314 308 202 156 120 174 228 282 306 340 314 308 202 156 120 174 228 282 306 340 314 308 202 156  
228 282 306 340 314 308 202 156 120 174 228 282 306 340 314 308 202 156 120 174 228 282 306 340 314 308 202 156 120 174 228 282 306 340 314 308 202 156 120 174 228 282 306 340 314 308  
120 174 228 282 306 340 314 308 202 156 120 174 228 282 306 340 314 308 202 156 120 174 228 282 306 340 314 308 202 156 120 174 228 282 306 340 314 308 202 156 120 174 228 282 306 340  
202 156 120 174 228 282 306 340 314 308 202 156 120 174 228 282 306 340 314 308 202 156 120 174 228 282 306 340 314 308 202 156 120 174 228 282 306 340 314 308 202 156 120 174 228 282  
314 308 202 156 120 174 228 282 306 340 314 308 202 156 120 174 228 282 306 340 314 308 202 156 120 174 228 282 306 340 314 308 202 156 120 174 228 282 306 340 314 308 202 156 120 174  
306 340 314 308 202 156 120 174 228 282 306 340 314 308 202 156 120 174 228 282 306 340 314 308 202 156 120 174 228 282 306 340 314 308 202 156 120 174 228 282 306 340 314 308 202 156  
228 282 306 340 314 308 202 156 120 174 228 282 306 340 314 308 202 156 120 174 228 282 306 340 314 308 202 156 120 174 228 282 306 340 314 308 202 156 120 174 228 282 306 340 314 308  
120 174 228 282 306 340 314 308 202 156 120 174 228 282 306 340 314 308 202 156 120 174 228 282 306 340 314 308 202 156 120 174 228 282 306 340 314 308 202 156 120 174 228 282 306 340  
202 156 120 174 228 282 306 340 314 308 202 156 120 174 228 282 306 340 314 308 202 156 120 174 228 282 306 340 314 308 202 156 120 174 228 282 306 340 314 308 202 156 120 174 228 282  
314 308 202 156 120 174 228 282 306 340 314 308 202 156 120 174 228 282 306 340 314 308 202 156 120 174 228 282 306 340 314 308 202 156 120 174 228 282 306 340 314 308 202 156 120 174  
306 340 314 308 202 156 120 174 228 282 306 340 314 308 202 156 120 174 228 282 306 340 314 308 202 156 120 174 228 282 306 340 314 308 202 156 120 174 228 282 306 340 314 308 202 156  
228 282 306 340 314 308 202 156 120 174 228 282 306 340 314 308 202 156 120 174 228 282 306 340 314 308 202 156 120 174 228 282 306 340 314 308 202 156 120 174 228 282 306 340 314 308  
120 174 228 282 306 340 314 308 202 156 120 174 228 282 306 340 314 308 202 156 120 174 228 282 306 340 314 308 202 156 120 174 228 282 306 340 314 308 202 156 120 174 228 282 306 340  
202 156 120 174 228 282 306 340 314 308 202 156 120 174 228 282 306 340 314 308 202 156 120 174 228 282 306 340 314 308 202 156 120 174 228 282 306 340 314 308 202 156 120 174 228 282  
314 308 202 156 120 174 228 282 306 340 314 308 202 156 120 174 228 282 306 340 314 308 202 156 120 174 228 282 306 340 314 308 202 156 120 174 228 282 306 340 314 308 202 156 120 174  
306 340 314 308 202 156 120 174 228 282 306 340 314 308 202 156 120 174 228 282 306 340 314 308 202 156 120 174 228 282 306 340 314 308 202 156 120 174 228 282 306 340 314 308 202 156  
228 282 306 340 314 308 202 156 120 174 228 282 306 340 314 308 202 156 120 174 228 282 306 340 314 308 202 156 120 174 228 282 306 340 314 308 202 156 120 174 228 282 306 340 314 308  
120 174 228 282 306 340 314 308 202 156 120 174 228 282 306 340 314 308 202 156 120 174 228 282 306 340 314 308 202 156 120 174 228 282 306 340 314 308 202 156 120 174 228 282 306 340  
202 156 120 174 228 282 306 340 314 308 202 156 120 174 228 282 306 340 314 308 202 156 120 174 228 282 306 340 314 308 202 156 120 174 228 282 306 340 314 308 202 156 120 174 228 282  
314 308 202 156 120 174 228 282 306 340 314 308 202 156 120 174 228 282 306 340 314 308 202 156 120 174 228 282 306 340 314 308 202 156 120 174 228 282 306 340 314 308 202 156 120 174  
} 
{
388 260 212 174 246 318 390 412 444 396 388 260 212 174 246 318 390 412 444 396 388 260 212 174 246 318 390 412 444 396 388 260 212 174 246 318 390 412 444 396 388 260 212 174 246 318  
444 396 388 260 212 174 246 318 390 412 444 396 388 260 212 174 246 318 390 412 444 396 388 260 212 174 246 318 390 412 444 396 388 260 212 174 246 318 390 412 444 396 388 260 212 174  
390 412 444 396 388 260 212 174 246 318 390 412 444 396 388 260 212 174 246 318 390 412 444 396 388 260 212 174 246 318 390 412 444 396 388 260 212 174 246 318 390 412 444 396 388 260  
246 318 390 412 444 396 388 260 212 174 246 318 390 412 444 396 388 260 212 174 246 318 390 412 444 396 388 260 212 174 246 318 390 412 444 396 388 260 212 174 246 318 390 412 444 396  
212 174 246 318 390 412 444 396 388 260 212 174 246 318 390 412 444 396 388 260 212 174 246 318 390 412 444 396 388 260 212 174 246 318 390 412 444 396 388 260 212 174 246 318 390 412  
388 260 212 174 246 318 390 412 444 396 388 260 212 174 246 318 390 412 444 396 388 260 212 174 246 318 390 412 444 396 388 260 212 174 246 318 390 412 444 396 388 260 212 174 246 318  
444 396 388 260 212 174 246 318 390 412 444 396 388 260 212 174 246 318 390 412 444 396 388 260 212 174 246 318 390 412 444 396 388 260 212 174 246 318 390 412 444 396 388 260 212 174  
390 412 444 396 388 260 212 174 246 318 390 412 444 396 388 260 212 174 246 318 390 412 444 396 388 260 212 174 246 318 390 412 444 396 388 260 212 174 246 318 390 412 444 396 388 260  
246 318 390 412 444 396 388 260 212 174 246 318 390 412 444 396 388 260 212 174 246 318 390 412 444 396 388 260 212 174 246 318 390 412 444 396 388 260 212 174 246 318 390 412 444 396  
212 174 246 318 390 412 444 396 388 260 212 174 246 318 390 412 444 396 388 260 212 174 246 318 390 412 444 396 388 260 212 174 246 318 390 412 444 396 388 260 212 174 246 318 390 412  
388 260 212 174 246 318 390 412 444 396 388 260 212 174 246 318 390 412 444 396 388 260 212 174 246 318 390 412 444 396 388 260 212 174 246 318 390 412 444 396 388 260 212 174 246 318  
444 396 388 260 212 174 246 318 390 412 444 396 388 260 212 174 246 318 390 412 444 396 388 260 212 174 246 318 390 412 444 396 388 260 212 174 246 318 390 412 444 396 388 260 212 174  
390 412 444 396 388 260 212 174 246 318 390 412 444 396 388 260 212 174 246 318 390 412 444 396 388 260 212 174 246 318 390 412 444 396 388 260 212 174 246 318 390 412 444 396 388 260  
246 318 390 412 444 396 388 260 212 174 246 318 390 412 444 396 388 260 212 174 246 318 390 412 444 396 388 260 212 174 246 318 390 412 444 396 388 260 212 174 246 318 390 412 444 396  
212 174 246 318 390 412 444 396 388 260 212 174 246 318 390 412 444 396 388 260 212 174 246 318 390 412 444 396 388 260 212 174 246 318 390 412 444 396 388 260 212 174 246 318 390 412  
388 260 212 174 246 318 390 412 444 396 388 260 212 174 246 318 390 412 444 396 388 260 212 174 246 318 390 412 444 396 388 260 212 174 246 318 390 412 444 396 388 260 212 174 246 318  
444 396 388 260 212 174 246 318 390 412 444 396 388 260 212 174 246 318 390 412 444 396 388 260 212 174 246 318 390 412 444 396 388 260 212 174 246 318 390 412 444 396 388 260 212 174  
390 412 444 396 388 260 212 174 246 318 390 412 444 396 388 260 212 174 246 318 390 412 444 396 388 260 212 174 246 318 390 412 444 396 388 260 212 174 246 318 390 412 444 396 388 260  
246 318 390 412 444 396 388 260 212 174 246 318 390 412 444 396 388 260 212 174 246 318 390 412 444 396 388 260 212 174 246 318 390 412 444 396 388 260 212 174 246 318 390 412 444 396  
212 174 246 318 390 412 444 396 388 260 212 174 246 318 390 412 444 396 388 260 212 174 246 318 390 412 444 396 388 260 212 174 246 318 390 412 444 396 388 260 212 174 246 318 390 412  
388 260 212 174 246 318 390 412 444 396 388 260 212 174 246 318 390 412 444 396 388 260 212 174 246 318 390 412 444 396 388 260 212 174 246 318 390 412 444 396 388 260 212 174 246 318  
444 396 388 260 212 174 246 318 390 412 444 396 388 260 212 174 246 318 390 412 444 396 388 260 212 174 246 318 390 412 444 396 388 260 212 174 246 318 390 412 444 396 388 260 212 174  
390 412 444 396 388 260 212 174 246 318 390 412 444 396 388 260 212 174 246 318 390 412 444 396 388 260 212 174 246 318 390 412 444 396 388 260 212 174 246 318 390 412 444 396 388 260  
246 318 390 412 444 396 388 260 212 174 246 318 390 412 444 396 388 260 212 174 246 318 390 412 444 396 388 260 212 174 246 318 390 412 444 396 388 260 212 174 246 318 390 412 444 396  
212 174 246 318 390 412 444 396 388 260 212 174 246 318 390 412 444 396 388 260 212 174 246 318 390 412 444 396 388 260 212 174 246 318 390 412 444 396 388 260 212 174 246 318 390 412  
388 260 212 174 246 318 390 412 444 396 388 260 212 174 246 318 390 412 444 396 388 260 212 174 246 318 390 412 444 396 388 260 212 174 246 318 390 412 444 396 388 260 212 174 246 318  
444 396 388 260 212 174 246 318 390 412 444 396 388 260 212 174 246 318 390 412 444 396 388 260 212 174 246 318 390 412 444 396 388 260 212 174 246 318 390 412 444 396 388 260 212 174  
390 412 444 396 388 260 212 174 246 318 390 412 444 396 388 260 212 174 246 318 390 412 444 396 388 260 212 174 246 318 390 412 444 396 388 260 212 174 246 318 390 412 444 396 388 260  
246 318 390 412 444 396 388 260 212 174 246 318 390 412 444 396 388 260 212 174 246 318 390 412 444 396 388 260 212 174 246 318 390 412 444 396 388 260 212 174 246 318 390 412 444 396  
212 174 246 318 390 412 444 396 388 260 212 174 246 318 390 412 444 396 388 260 212 174 246 318 390 412 444 396 388 260 212 174 246 318 390 412 444 396 388 260 212 174 246 318 390 412  
388 260 212 174 246 318 390 412 444 396 388 260 212 174 246 318 390 412 444 396 388 260 212 174 246 318 390 412 444 396 388 260 212 174 246 318 390 412 444 396 388 260 212 174 246 318  
444 396 388 260 212 174 246 318 390 412 444 396 388 260 212 174 246 318 390 412 444 396 388 260 212 174 246 318 390 412 444 396 388 260 212 174 246 318 390 412 444 396 388 260 212 174  
390 412 444 396 388 260 212 174 246 318 390 412 444 396 388 260 212 174 246 318 390 412 444 396 388 260 212 174 246 318 390 412 444 396 388 260 212 174 246 318 390 412 444 396 388 260  
246 318 390 412 444 396 388 260 212 174 246 318 390 412 444 396 388 260 212 174 246 318 390 412 444 396 388 260 212 174 246 318 390 412 444 396 388 260 212 174 246 318 390 412 444 396  
212 174 246 318 390 412 444 396 388 260 212 174 246 318 390 412 444 396 388 260 212 174 246 318 390 412 444 396 388 260 212 174 246 318 390 412 444 396 388 260 212 174 246 318 390 412  
388 260 212 174 246 318 390 412 444 396 388 260 212 174 246 318 390 412 444 396 388 260 212 174 246 318 390 412 444 396 388 260 212 174 246 318 390 412 444 396 388 260 212 174 246 318  
444 396 388 260 212 174 246 318 390 412 444 396 388 260 212 174 246 318 390 412 444 396 388 260 212 174 246 318 390 412 444 396 388 260 212 174 246 318 390 412 444 396 388 260 212 174  
390 412 444 396 388 260 212 174 246 318 390 412 444 396 388 260 212 174 246 318 390 412 444 396 388 260 212 174 246 318 390 412 444 396 388 260 212 174 246 318 390 412 444 396 388 260  
246 318 390 412 444 396 388 260 212 174 246 318 390 412 444 396 388 260 212 174 246 318 390 412 444 396 388 260 212 174 246 318 390 412 444 396 388 260 212 174 246 318 390 412 444 396  
212 174 246 318 390 412 444 396 388 260 212 174 246 318 390 412 444 396 388 260 212 174 246 318 390 412 444 396 388 260 212 174 246 318 390 412 444 396 388 260 212 174 246 318 390 412  
388 260 212 174 246 318 390 412 444 396 388 260 212 174 246 318 390 412 444 396 388 260 212 174 246 318 390 412 444 396 388 260 212 174 246 318 390 412 444 396 388 260 212 174 246 318  
444 396 388 260 212 174 246 318 390 412 444 396 388 260 212 174 246 318 390 412 444 396 388 260 212 174 246 318 390 412 444 396 388 260 212 174 246 318 390 412 444 396 388 260 212 174  
390 412 444 396 388 260 212 174 246 318 390 412 444 396 388 260 212 174 246 318 390 412 444 396 388 260 212 174 246 318 390 412 444 396 388 260 212 174 246 318 390 412 444 396 388 260  
246 318 390 412 444 396 388 260 212 174 246 318 390 412 444 396 388 260 212 174 246 318 390 412 444 396 388 260 212 174 246 318 390 412 444 396 388 260 212 174 246 318 390 412 444 396  
212 174 246 318 390 412 444 396 388 260 212 174 246 318 390 412 444 396 388 260 212 174 246 318 390 412 444 396 388 260 212 174 246 318 390 412 444 396 388 260 212 174 246 318 390 412  
388 260 212 174 246 318 390 412 444 396 388 260 212 174 246 318 390 412 444 396 388 260 212 174 246 318 390 412 444 396 388 260 212 174 246 318 390 412 444 396 388 260 212 174 246 318  
} 
{
281 242 213 294 375 456 467 488 419 410 281 242 213 294 375 456 467 488 419 410 281 242 213 294 375 456 467 488 419 410 281 242 213 294 375 456 467 488 419 410 281 242 213 294 375 456  
419 410 281 242 213 294 375 456 467 488 419 410 281 242 213 294 375 456 467 488 419 410 281 242 213 294 375 456 467 488 419 410 281 242 213 294 375 456 467 488 419 410 281 242 213 294  
467 488 419 410 281 242 213 294 375 456 467 488 419 410 281 242 213 294 375 456 467 488 419 410 281 242 213 294 375 456 467 488 419 410 281 242 213 294 375 456 467 488 419 410 281 242  
375 456 467 488 419 410 281 242 213 294 375 456 467 488 419 410 281 242 213 294 375 456 467 488 419 410 281 242 213 294 375 456 467 488 419 410 281 242 213 294 375 456 467 488 419 410  
213 294 375 456 467 488 419 410 281 242 213 294 375 456 467 488 419 410 281 242 213 294 375 456 467 488 419 410 281 242 213 294 375 456 467 488 419 410 281 242 213 294 375 456 467 488  
281 242 213 294 375 456 467 488 419 410 281 242 213 294 375 456 467 488 419 410 281 242 213 294 375 456 467 488 419 410 281 242 213 294 375 456 467 488 419 410 281 242 213 294 375 456  
419 410 281 242 213 294 375 456 467 488 419 410 281 242 213 294 375 456 467 488 419 410 281 242 213 294 375 456 467 488 419 410 281 242 213 294 375 456 467 488 419 410 281 242 213 294  
467 488 419 410 281 242 213 294 375 456 467 488 419 410 281 242 213 294 375 456 467 488 419 410 281 242 213 294 375 456 467 488 419 410 281 242 213 294 375 456 467 488 419 410 281 242  
375 456 467 488 419 410 281 242 213 294 375 456 467 488 419 410 281 242 213 294 375 456 467 488 419 410 281 242 213 294 375 456 467 488 419 410 281 242 213 294 375 456 467 488 419 410  
213 294 375 456 467 488 419 410 281 242 213 294 375 456 467 488 419 410 281 242 213 294 375 456 467 488 419 410 281 242 213 294 375 456 467 488 419 410 281 242 213 294 375 456 467 488  
281 242 213 294 375 456 467 488 419 410 281 242 213 294 375 456 467 488 419 410 281 242 213 294 375 456 467 488 419 410 281 242 213 294 375 456 467 488 419 410 281 242 213 294 375 456  
419 410 281 242 213 294 375 456 467 488 419 410 281 242 213 294 375 456 467 488 419 410 281 242 213 294 375 456 467 488 419 410 281 242 213 294 375 456 467 488 419 410 281 242 213 294  
467 488 419 410 281 242 213 294 375 456 467 488 419 410 281 242 213 294 375 456 467 488 419 410 281 242 213 294 375 456 467 488 419 410 281 242 213 294 375 456 467 488 419 410 281 242  
375 456 467 488 419 410 281 242 213 294 375 456 467 488 419 410 281 242 213 294 375 456 467 488 419 410 281 242 213 294 375 456 467 488 419 410 281 242 213 294 375 456 467 488 419 410  
213 294 375 456 467 488 419 410 281 242 213 294 375 456 467 488 419 410 281 242 213 294 375 456 467 488 419 410 281 242 213 294 375 456 467 488 419 410 281 242 213 294 375 456 467 488  
281 242 213 294 375 456 467 488 419 410 281 242 213 294 375 456 467 488 419 410 281 242 213 294 375 456 467 488 419 410 281 242 213 294 375 456 467 488 419 410 281 242 213 294 375 456  
419 410 281 242 213 294 375 456 467 488 419 410 281 242 213 294 375 456 467 488 419 410 281 242 213 294 375 456 467 488 419 410 281 242 213 294 375 456 467 488 419 410 281 242 213 294  
467 488 419 410 281 242 213 294 375 456 467 488 419 410 281 242 213 294 375 456 467 488 419 410 281 242 213 294 375 456 467 488 419 410 281 242 213 294 375 456 467 488 419 410 281 242  
375 456 467 488 419 410 281 242 213 294 375 456 467 488 419 410 281 242 213 294 375 456 467 488 419 410 281 242 213 294 375 456 467 488 419 410 281 242 213 294 375 456 467 488 419 410  
213 294 375 456 467 488 419 410 281 242 213 294 375 456 467 488 419 410 281 242 213 294 375 456 467 488 419 410 281 242 213 294 375 456 467 488 419 410 281 242 213 294 375 456 467 488  
281 242 213 294 375 456 467 488 419 410 281 242 213 294 375 456 467 488 419 410 281 242 213 294 375 456 467 488 419 410 281 242 213 294 375 456 467 488 419 410 281 242 213 294 375 456  
419 410 281 242 213 294 375 456 467 488 419 410 281 242 213 294 375 456 467 488 419 410 281 242 213 294 375 456 467 488 419 410 281 242 213 294 375 456 467 488 419 410 281 242 213 294  
467 488 419 410 281 242 213 294 375 456 467 488 419 410 281 242 213 294 375 456 467 488 419 410 281 242 213 294 375 456 467 488 419 410 281 242 213 294 375 456 467 488 419 410 281 242  
375 456 467 488 419 410 281 242 213 294 375 456 467 488 419 410 281 242 213 294 375 456 467 488 419 410 281 242 213 294 375 456 467 488 419 410 281 242 213 294 375 456 467 488 419 410  
213 294 375 456 467 488 419 410 281 242 213 294 375 456 467 488 419 410 281 242 213 294 375 456 467 488 419 410 281 242 213 294 375 456 467 488 419 410 281 242 213 294 375 456 467 488  
281 242 213 294 375 456 467 488 419 410 281 242 213 294 375 456 467 488 419 410 281 242 213 294 375 456 467 488 419 410 281 242 213 294 375 456 467 488 419 410 281 242 213 294 375 456  
419 410 281 242 213 294 375 456 467 488 419 410 281 242 213 294 375 456 467 488 419 410 281 242 213 294 375 456 467 488 419 410 281 242 213 294 375 456 467 488 419 410 281 242 213 294  
467 488 419 410 281 242 213 294 375 456 467 488 419 410 281 242 213 294 375 456 467 488 419 410 281 242 213 294 375 456 467 488 419 410 281 242 213 294 375 456 467 488 419 410 281 242  
375 456 467 488 419 410 281 242 213 294 375 456 467 488 419 410 281 242 213 294 375 456 467 488 419 410 281 242 213 294 375 456 467 488 419 410 281 242 213 294 375 456 467 488 419 410  
213 294 375 456 467 488 419 410 281 242 213 294 375 456 467 488 419 410 281 242 213 294 375 456 467 488 419 410 281 242 213 294 375 456 467 488 419 410 281 242 213 294 375 456 467 488  
281 242 213 294 375 456 467 488 419 410 281 242 213 294 375 456 467 488 419 410 281 242 213 294 375 456 467 488 419 410 281 242 213 294 375 456 467 488 419 410 281 242 213 294 375 456  
419 410 281 242 213 294 375 456 467 488 419 410 281 242 213 294 375 456 467 488 419 410 281 242 213 294 375 456 467 488 419 410 281 242 213 294 375 456 467 488 419 410 281 242 213 294  
467 488 419 410 281 242 213 294 375 456 467 488 419 410 281 242 213 294 375 456 467 488 419 410 281 242 213 294 375 456 467 488 419 410 281 242 213 294 375 456 467 488 419 410 281 242  
375 456 467 488 419 410 281 242 213 294 375 456 467 488 419 410 281 242 213 294 375 456 467 488 419 410 281 242 213 294 375 456 467 488 419 410 281 242 213 294 375 456 467 488 419 410  
213 294 375 456 467 488 419 410 281 242 213 294 375 456 467 488 419 410 281 242 213 294 375 456 467 488 419 410 281 242 213 294 375 456 467 488 419 410 281 242 213 294 375 456 467 488  
281 242 213 294 375 456 467 488 419 410 281 242 213 294 375 456 467 488 419 410 281 242 213 294 375 456 467 488 419 410 281 242 213 294 375 456 467 488 419 410 281 242 213 294 375 456  
419 410 281 242 213 294 375 456 467 488 419 410 281 242 213 294 375 456 467 488 419 410 281 242 213 294 375 456 467 488 419 410 281 242 213 294 375 456 467 488 419 410 281 242 213 294  
467 488 419 410 281 242 213 294 375 456 467 488 419 410 281 242 213 294 375 456 467 488 419 410 281 242 213 294 375 456 467 488 419 410 281 242 213 294 375 456 467 488 419 410 281 242  
375 456 467 488 419 410 281 242 213 294 375 456 467 488 419 410 281 242 213 294 375 456 467 488 419 410 281 242 213 294 375 456 467 488 419 410 281 242 213 294 375 456 467 488 419 410  
213 294 375 456 467 488 419 410 281 242 213 294 375 456 467 488 419 410 281 242 213 294 375 456 467 488 419 410 281 242 213 294 375 456 467 488 419 410 281 242 213 294 375 456 467 488  
281 242 213 294 375 456 467 488 419 410 281 242 213 294 375 456 467 488 419 410 281 242 213 294 375 456 467 488 419 410 281 242 213 294 375 456 467 488 419 410 281 242 213 294 375 456  
419 410 281 242 213 294 375 456 467 488 419 410 281 242 213 294 375 456 467 488 419 410 281 242 213 294 375 456 467 488 419 410 281 242 213 294 375 456 467 488 419 410 281 242 213 294  
467 488 419 410 281 242 213 294 375 456 467 488 419 410 281 242 213 294 375 456 467 488 419 410 281 242 213 294 375 456 467 488 419 410 281 242 213 294 375 456 467 488 419 410 281 242  
375 456 467 488 419 410 281 242 213 294 375 456 467 488 419 410 281 242 213 294 375 456 467 488 419 410 281 242 213 294 375 456 467 488 419 410 281 242 213 294 375 456 467 488 419 410  
213 294 375 456 467 488 419 410 281 242 213 294 375 456 467 488 419 410 281 242 213 294 375 456 467 488 419 410 281 242 213 294 375 456 467 488 419 410 281 242 213 294 375 456 467 488  
281 242 213 294 375 456 467 488 419 410 281 242 213 294 375 456 467 488 419 410 281 242 213 294 375 456 467 488 419 410 281 242 213 294 375 456 467 488 419 410 281 242 213 294 375 456  
} 
