020304050607080900010203040506070809000102030405060708090001020304050607080900010203040506070809 
000102030405060708090001020304050607080900010203040506070809000102030405060708090001020304050607 
080900010203040506070809000102030405060708090001020304050607080900010203040506070809000102030405 
060708090001020304050607080900010203040506070809000102030405060708090001020304050607080900010203 
040506070809000102030405060708090001020304050607080900010203040506070809000102030405060708090001 
020304050607080900010203040506070809000102030405060708090001020304050607080900010203040506070809 
000102030405060708090001020304050607080900010203040506070809000102030405060708090001020304050607 
080900010203040506070809000102030405060708090001020304050607080900010203040506070809000102030405 
060708090001020304050607080900010203040506070809000102030405060708090001020304050607080900010203 
040506070809000102030405060708090001020304050607080900010203040506070809000102030405060708090001 
020304050607080900010203040506070809000102030405060708090001020304050607080900010203040506070809 
000102030405060708090001020304050607080900010203040506070809000102030405060708090001020304050607 
080900010203040506070809000102030405060708090001020304050607080900010203040506070809000102030405 
060708090001020304050607080900010203040506070809000102030405060708090001020304050607080900010203 
040506070809000102030405060708090001020304050607080900010203040506070809000102030405060708090001 
020304050607080900010203040506070809000102030405060708090001020304050607080900010203040506070809 
000102030405060708090001020304050607080900010203040506070809000102030405060708090001020304050607 
080900010203040506070809000102030405060708090001020304050607080900010203040506070809000102030405 
060708090001020304050607080900010203040506070809000102030405060708090001020304050607080900010203 
040506070809000102030405060708090001020304050607080900010203040506070809000102030405060708090001 
020304050607080900010203040506070809000102030405060708090001020304050607080900010203040506070809 
000102030405060708090001020304050607080900010203040506070809000102030405060708090001020304050607 
080900010203040506070809000102030405060708090001020304050607080900010203040506070809000102030405 
060708090001020304050607080900010203040506070809000102030405060708090001020304050607080900010203 
040506070809000102030405060708090001020304050607080900010203040506070809000102030405060708090001 
020304050607080900010203040506070809000102030405060708090001020304050607080900010203040506070809 
000102030405060708090001020304050607080900010203040506070809000102030405060708090001020304050607 
080900010203040506070809000102030405060708090001020304050607080900010203040506070809000102030405 
060708090001020304050607080900010203040506070809000102030405060708090001020304050607080900010203 
040506070809000102030405060708090001020304050607080900010203040506070809000102030405060708090001 
020304050607080900010203040506070809000102030405060708090001020304050607080900010203040506070809 
000102030405060708090001020304050607080900010203040506070809000102030405060708090001020304050607 
080900010203040506070809000102030405060708090001020304050607080900010203040506070809000102030405 
060708090001020304050607080900010203040506070809000102030405060708090001020304050607080900010203 
040506070809000102030405060708090001020304050607080900010203040506070809000102030405060708090001 
020304050607080900010203040506070809000102030405060708090001020304050607080900010203040506070809 
000102030405060708090001020304050607080900010203040506070809000102030405060708090001020304050607 
080900010203040506070809000102030405060708090001020304050607080900010203040506070809000102030405 
060708090001020304050607080900010203040506070809000102030405060708090001020304050607080900010203 
040506070809000102030405060708090001020304050607080900010203040506070809000102030405060708090001 
020304050607080900010203040506070809000102030405060708090001020304050607080900010203040506070809 
000102030405060708090001020304050607080900010203040506070809000102030405060708090001020304050607 
080900010203040506070809000102030405060708090001020304050607080900010203040506070809000102030405 
060708090001020304050607080900010203040506070809000102030405060708090001020304050607080900010203 
040506070809000102030405060708090001020304050607080900010203040506070809000102030405060708090001 
020304050607080900010203040506070809000102030405060708090001020304050607080900010203040506070809 
000102030405060708090001020304050607080900010203040506070809000102030405060708090001020304050607 
080900010203040506070809000102030405060708090001020304050607080900010203040506070809000102030405 