000102030405060708090001020304050607080900010203040506070809000102030405060708090001020304050607 
080900010203040506070809000102030405060708090001020304050607080900010203040506070809000102030405 
060708090001020304050607080900010203040506070809000102030405060708090001020304050607080900010203 
040506070809000102030405060708090001020304050607080900010203040506070809000102030405060708090001 
020304050607080900010203040506070809000102030405060708090001020304050607080900010203040506070809 
000102030405060708090001020304050607080900010203040506070809000102030405060708090001020304050607 
080900010203040506070809000102030405060708090001020304050607080900010203040506070809000102030405 
060708090001020304050607080900010203040506070809000102030405060708090001020304050607080900010203 
040506070809000102030405060708090001020304050607080900010203040506070809000102030405060708090001 
020304050607080900010203040506070809000102030405060708090001020304050607080900010203040506070809 
000102030405060708090001020304050607080900010203040506070809000102030405060708090001020304050607 
080900010203040506070809000102030405060708090001020304050607080900010203040506070809000102030405 
060708090001020304050607080900010203040506070809000102030405060708090001020304050607080900010203 
040506070809000102030405060708090001020304050607080900010203040506070809000102030405060708090001 
020304050607080900010203040506070809000102030405060708090001020304050607080900010203040506070809 
000102030405060708090001020304050607080900010203040506070809000102030405060708090001020304050607 
080900010203040506070809000102030405060708090001020304050607080900010203040506070809000102030405 
060708090001020304050607080900010203040506070809000102030405060708090001020304050607080900010203 
040506070809000102030405060708090001020304050607080900010203040506070809000102030405060708090001 
020304050607080900010203040506070809000102030405060708090001020304050607080900010203040506070809 
000102030405060708090001020304050607080900010203040506070809000102030405060708090001020304050607 
080900010203040506070809000102030405060708090001020304050607080900010203040506070809000102030405 
060708090001020304050607080900010203040506070809000102030405060708090001020304050607080900010203 
040506070809000102030405060708090001020304050607080900010203040506070809000102030405060708090001 
020304050607080900010203040506070809000102030405060708090001020304050607080900010203040506070809 
000102030405060708090001020304050607080900010203040506070809000102030405060708090001020304050607 
080900010203040506070809000102030405060708090001020304050607080900010203040506070809000102030405 
060708090001020304050607080900010203040506070809000102030405060708090001020304050607080900010203 
040506070809000102030405060708090001020304050607080900010203040506070809000102030405060708090001 
020304050607080900010203040506070809000102030405060708090001020304050607080900010203040506070809 
000102030405060708090001020304050607080900010203040506070809000102030405060708090001020304050607 
080900010203040506070809000102030405060708090001020304050607080900010203040506070809000102030405 
060708090001020304050607080900010203040506070809000102030405060708090001020304050607080900010203 
040506070809000102030405060708090001020304050607080900010203040506070809000102030405060708090001 
020304050607080900010203040506070809000102030405060708090001020304050607080900010203040506070809 
000102030405060708090001020304050607080900010203040506070809000102030405060708090001020304050607 
080900010203040506070809000102030405060708090001020304050607080900010203040506070809000102030405 
060708090001020304050607080900010203040506070809000102030405060708090001020304050607080900010203 
040506070809000102030405060708090001020304050607080900010203040506070809000102030405060708090001 
020304050607080900010203040506070809000102030405060708090001020304050607080900010203040506070809 
000102030405060708090001020304050607080900010203040506070809000102030405060708090001020304050607 
080900010203040506070809000102030405060708090001020304050607080900010203040506070809000102030405 
060708090001020304050607080900010203040506070809000102030405060708090001020304050607080900010203 
040506070809000102030405060708090001020304050607080900010203040506070809000102030405060708090001 
020304050607080900010203040506070809000102030405060708090001020304050607080900010203040506070809 
000102030405060708090001020304050607080900010203040506070809000102030405060708090001020304050607 
080900010203040506070809000102030405060708090001020304050607080900010203040506070809000102030405 
060708090001020304050607080900010203040506070809000102030405060708090001020304050607080900010203 
--------------
010203040506070809000102030405060708090001020304050607080900010203040506070809000102030405060708 
090001020304050607080900010203040506070809000102030405060708090001020304050607080900010203040506 
070809000102030405060708090001020304050607080900010203040506070809000102030405060708090001020304 
050607080900010203040506070809000102030405060708090001020304050607080900010203040506070809000102 
030405060708090001020304050607080900010203040506070809000102030405060708090001020304050607080900 
010203040506070809000102030405060708090001020304050607080900010203040506070809000102030405060708 
090001020304050607080900010203040506070809000102030405060708090001020304050607080900010203040506 
070809000102030405060708090001020304050607080900010203040506070809000102030405060708090001020304 
050607080900010203040506070809000102030405060708090001020304050607080900010203040506070809000102 
030405060708090001020304050607080900010203040506070809000102030405060708090001020304050607080900 
010203040506070809000102030405060708090001020304050607080900010203040506070809000102030405060708 
090001020304050607080900010203040506070809000102030405060708090001020304050607080900010203040506 
070809000102030405060708090001020304050607080900010203040506070809000102030405060708090001020304 
050607080900010203040506070809000102030405060708090001020304050607080900010203040506070809000102 
030405060708090001020304050607080900010203040506070809000102030405060708090001020304050607080900 
010203040506070809000102030405060708090001020304050607080900010203040506070809000102030405060708 
090001020304050607080900010203040506070809000102030405060708090001020304050607080900010203040506 
070809000102030405060708090001020304050607080900010203040506070809000102030405060708090001020304 
050607080900010203040506070809000102030405060708090001020304050607080900010203040506070809000102 
030405060708090001020304050607080900010203040506070809000102030405060708090001020304050607080900 
010203040506070809000102030405060708090001020304050607080900010203040506070809000102030405060708 
090001020304050607080900010203040506070809000102030405060708090001020304050607080900010203040506 
070809000102030405060708090001020304050607080900010203040506070809000102030405060708090001020304 
050607080900010203040506070809000102030405060708090001020304050607080900010203040506070809000102 
030405060708090001020304050607080900010203040506070809000102030405060708090001020304050607080900 
010203040506070809000102030405060708090001020304050607080900010203040506070809000102030405060708 
090001020304050607080900010203040506070809000102030405060708090001020304050607080900010203040506 
070809000102030405060708090001020304050607080900010203040506070809000102030405060708090001020304 
050607080900010203040506070809000102030405060708090001020304050607080900010203040506070809000102 
030405060708090001020304050607080900010203040506070809000102030405060708090001020304050607080900 
010203040506070809000102030405060708090001020304050607080900010203040506070809000102030405060708 
090001020304050607080900010203040506070809000102030405060708090001020304050607080900010203040506 
070809000102030405060708090001020304050607080900010203040506070809000102030405060708090001020304 
050607080900010203040506070809000102030405060708090001020304050607080900010203040506070809000102 
030405060708090001020304050607080900010203040506070809000102030405060708090001020304050607080900 
010203040506070809000102030405060708090001020304050607080900010203040506070809000102030405060708 
090001020304050607080900010203040506070809000102030405060708090001020304050607080900010203040506 
070809000102030405060708090001020304050607080900010203040506070809000102030405060708090001020304 
050607080900010203040506070809000102030405060708090001020304050607080900010203040506070809000102 
030405060708090001020304050607080900010203040506070809000102030405060708090001020304050607080900 
010203040506070809000102030405060708090001020304050607080900010203040506070809000102030405060708 
090001020304050607080900010203040506070809000102030405060708090001020304050607080900010203040506 
070809000102030405060708090001020304050607080900010203040506070809000102030405060708090001020304 
050607080900010203040506070809000102030405060708090001020304050607080900010203040506070809000102 
030405060708090001020304050607080900010203040506070809000102030405060708090001020304050607080900 
010203040506070809000102030405060708090001020304050607080900010203040506070809000102030405060708 
090001020304050607080900010203040506070809000102030405060708090001020304050607080900010203040506 
070809000102030405060708090001020304050607080900010203040506070809000102030405060708090001020304 
--------------
020304050607080900010203040506070809000102030405060708090001020304050607080900010203040506070809 
000102030405060708090001020304050607080900010203040506070809000102030405060708090001020304050607 
080900010203040506070809000102030405060708090001020304050607080900010203040506070809000102030405 
060708090001020304050607080900010203040506070809000102030405060708090001020304050607080900010203 
040506070809000102030405060708090001020304050607080900010203040506070809000102030405060708090001 
020304050607080900010203040506070809000102030405060708090001020304050607080900010203040506070809 
000102030405060708090001020304050607080900010203040506070809000102030405060708090001020304050607 
080900010203040506070809000102030405060708090001020304050607080900010203040506070809000102030405 
060708090001020304050607080900010203040506070809000102030405060708090001020304050607080900010203 
040506070809000102030405060708090001020304050607080900010203040506070809000102030405060708090001 
020304050607080900010203040506070809000102030405060708090001020304050607080900010203040506070809 
000102030405060708090001020304050607080900010203040506070809000102030405060708090001020304050607 
080900010203040506070809000102030405060708090001020304050607080900010203040506070809000102030405 
060708090001020304050607080900010203040506070809000102030405060708090001020304050607080900010203 
040506070809000102030405060708090001020304050607080900010203040506070809000102030405060708090001 
020304050607080900010203040506070809000102030405060708090001020304050607080900010203040506070809 
000102030405060708090001020304050607080900010203040506070809000102030405060708090001020304050607 
080900010203040506070809000102030405060708090001020304050607080900010203040506070809000102030405 
060708090001020304050607080900010203040506070809000102030405060708090001020304050607080900010203 
040506070809000102030405060708090001020304050607080900010203040506070809000102030405060708090001 
020304050607080900010203040506070809000102030405060708090001020304050607080900010203040506070809 
000102030405060708090001020304050607080900010203040506070809000102030405060708090001020304050607 
080900010203040506070809000102030405060708090001020304050607080900010203040506070809000102030405 
060708090001020304050607080900010203040506070809000102030405060708090001020304050607080900010203 
040506070809000102030405060708090001020304050607080900010203040506070809000102030405060708090001 
020304050607080900010203040506070809000102030405060708090001020304050607080900010203040506070809 
000102030405060708090001020304050607080900010203040506070809000102030405060708090001020304050607 
080900010203040506070809000102030405060708090001020304050607080900010203040506070809000102030405 
060708090001020304050607080900010203040506070809000102030405060708090001020304050607080900010203 
040506070809000102030405060708090001020304050607080900010203040506070809000102030405060708090001 
020304050607080900010203040506070809000102030405060708090001020304050607080900010203040506070809 
000102030405060708090001020304050607080900010203040506070809000102030405060708090001020304050607 
080900010203040506070809000102030405060708090001020304050607080900010203040506070809000102030405 
060708090001020304050607080900010203040506070809000102030405060708090001020304050607080900010203 
040506070809000102030405060708090001020304050607080900010203040506070809000102030405060708090001 
020304050607080900010203040506070809000102030405060708090001020304050607080900010203040506070809 
000102030405060708090001020304050607080900010203040506070809000102030405060708090001020304050607 
080900010203040506070809000102030405060708090001020304050607080900010203040506070809000102030405 
060708090001020304050607080900010203040506070809000102030405060708090001020304050607080900010203 
040506070809000102030405060708090001020304050607080900010203040506070809000102030405060708090001 
020304050607080900010203040506070809000102030405060708090001020304050607080900010203040506070809 
000102030405060708090001020304050607080900010203040506070809000102030405060708090001020304050607 
080900010203040506070809000102030405060708090001020304050607080900010203040506070809000102030405 
060708090001020304050607080900010203040506070809000102030405060708090001020304050607080900010203 
040506070809000102030405060708090001020304050607080900010203040506070809000102030405060708090001 
020304050607080900010203040506070809000102030405060708090001020304050607080900010203040506070809 
000102030405060708090001020304050607080900010203040506070809000102030405060708090001020304050607 
080900010203040506070809000102030405060708090001020304050607080900010203040506070809000102030405 
--------------
